0,3,4.414692758685062,-9.199727527436641,78.42720153032295
1,3,-4.937387636498553,2.0529857365067725,77.05776950534694
2,3,3.0949740990510617,6.529710759881155,70.57112373586281
3,2,2.2019443873821043,80.55224962456643,1.1295163654885119
4,1,72.32757661561045,14.076669483766187,-20.398277799366724
5,1,75.96313413011762,-7.47595538564049,-18.164963920712466
6,2,-13.831478509840942,81.63446145100164,-3.004702223491034
7,1,89.21943439462893,6.696027074853243,17.915705651250533
8,3,-14.269985084946574,8.865521058879487,70.00930310925186
9,2,-14.775311155353815,80.13879455568397,3.636238550010943
10,3,6.539271439153465,1.7798696006145864,91.2031419129032
11,2,-0.9216814799579462,75.3197774317707,-1.3901258950915694
12,3,11.862879031842217,-6.613995682703391,69.69733658418768
13,1,30.20129061660353,17.57318370445249,-3.7772572441656393
14,3,7.306363181349993,-18.670363694249236,73.59552227725227
15,1,88.73548735135768,-2.0576116637576263,2.6827941904269674
16,3,-0.3739049234020865,-7.027687918926569,79.03223912754207
17,3,-0.14363786824482255,0.3314257486383261,74.74505779265597
18,3,6.638801984495045,-20.67696484261045,76.43275391103815
19,1,96.87845181368904,18.58766627905646,11.352441060703196
20,2,-7.284533092598448,80.22009850866938,3.7391317461067626
21,3,19.76142275796158,4.264282061871128,73.9680385547912
22,3,-1.815865426490586,-0.5695341148843684,93.07331987948128
23,2,-4.136483125687559,87.49751043928842,-0.48443906413224325
24,3,-5.375198336427989,20.756869184516965,87.99186369088108
25,2,3.2741425193356055,86.54883273211838,4.101315529737731
26,1,67.4609470679931,-19.284502720028044,17.807645187108044
27,3,-6.154541309755508,0.8522599236437772,61.57463706209467
28,1,92.06146459454224,-14.94541016350115,17.035683874980517
29,1,88.45986507697054,-5.2159766220150585,-7.064107008955864
30,1,76.04228697961894,-4.03230979844232,-22.886251986201337
31,1,92.4594087324084,-6.5545327326473934,-24.79671524279035
32,3,-4.360151807936087,4.059936266212278,74.26146148604069
33,1,79.6145110275439,30.799441679147833,16.344863130441688
34,3,25.172706521760144,2.8444878475461657,77.36169058244198
35,2,-2.675320764928676,74.79183119384659,-11.963909498973347
36,2,-0.7392014008553662,81.29246390518429,-5.416635294071
37,1,45.53500944780956,22.540635848136294,17.3943417272105
38,2,-5.817180699060555,78.61877094369267,7.194855432610857
39,2,-1.3453513620347148,74.64468418339457,7.705733496773448
40,3,4.061988581051494,-3.395949702216212,82.74772786297005
41,3,-23.245257543765394,-3.836613906616315,76.31408869875217
42,3,-9.972209736253246,-20.403996674384985,77.67251413551985
43,2,-5.241479982704874,84.00604132369045,3.6054229491037573
44,3,-5.584386954383914,4.894214120670352,86.71829296278398
45,2,4.608864827125326,74.58391543999444,-0.4110082147065669
46,2,8.044431464628145,83.9229102578956,6.535409718121156
47,3,1.6135950930612486,-7.203993463810216,56.670193981030756
48,1,69.56148481811019,-23.152742648908635,-10.718115507907253
49,2,0.5798211367341393,81.90810140986416,-1.9932793970899365
50,1,118.5584037082296,-5.648124829136037,-12.650895385770395
51,2,-4.533188306883302,84.48679853864678,-1.9773551389836872
52,2,2.242939935023088,83.06590403525246,-4.100726310496426
53,3,-16.70659265294213,-12.896584250981746,83.73117936160729
54,2,-0.6670965960418046,81.21691838067342,-1.5131724425007778
55,1,92.80279777473909,-1.7148282098269998,34.00948002311868
56,3,8.078557636096965,-2.7709739281295227,84.03546027203423
57,1,76.69725764009911,2.98259051835088,4.4507632717529
58,2,-1.2523594873245254,78.6240737115873,-0.5427061473346143
59,3,-19.748917986607804,7.630198108651033,85.10595733898134
60,1,61.580299309626305,18.836162365769546,-33.03768930483276
61,1,92.8068410878331,-19.916772571732583,-20.965826714217638
62,3,-11.036760850414431,-3.4308972058875638,92.94190402311894
63,3,11.672691125621835,-15.619441824583795,84.59514358103604
64,1,118.86961240030325,-60.35331445109716,-7.121283368228547
65,1,83.06031961328932,-9.516308371395999,5.372651727023876
66,1,80.44299385454298,11.779890410466427,-20.68878110283237
67,3,-4.673039682188543,-10.300643158600192,86.52849634864003
68,3,-6.723430823498414,6.5976155859358645,90.82732388965532
69,3,0.9903625793718105,2.13823742928608,73.17046258937562
70,1,80.94307917842391,31.804016787857105,-13.33718232421148
71,1,81.57053401622541,19.941612320570027,29.740222208794037
72,1,111.10261787461515,20.2901505797891,23.91152742378597
73,1,74.79197804253414,-3.702848066699887,0.4760149004868203
74,1,77.03368321959856,-18.75935196748699,-7.575409102339554
75,1,87.681720823704,9.810917444713324,21.572329078786478
76,1,108.75016545479934,2.2519460072243,-10.751187357590208
77,2,-3.3766489343402526,84.7758130389656,-6.717982884003226
78,2,-4.149982843588351,76.4437325037535,0.16768375916950976
79,3,-14.539914774566366,-26.462541360816182,75.7625436228881
80,3,-6.352498292599162,-0.31743213600682785,98.57330421075389
81,1,92.15966902668704,-8.102526763740098,-9.868277172325337
82,3,9.010352749646847,13.525733949267863,78.49219475552066
83,2,-3.2232058501459946,72.51182955523093,5.7421162021073755
84,1,115.81941339077497,-3.312747517553432,53.562625538335936
85,3,5.688254107379032,8.648038928468884,92.29922077538612
86,2,-5.2696865372005375,87.34967255904346,2.74321365882596
87,2,2.1258430560249835,70.2015028791805,3.950327746200415
88,2,-3.087833868657108,73.62910897885351,-7.4490108571997835
89,2,-13.435079396228076,80.60455981857402,8.423488543151157
90,3,-2.014404561489975,-3.2177428007129887,79.7840235378032
91,1,84.2892944002255,-23.409976707332824,-6.187396803597891
92,2,5.123306983608753,82.15410097769865,3.40147368917572
93,2,-7.326870783500516,84.18502328461086,-5.300544432524869
94,1,74.56215493443582,-21.022019807522447,25.82484298316203
95,2,1.301426696708428,75.66431123774159,-0.8292925524397139
96,2,-1.2965825644822377,76.53531640937348,-0.16224164075075997
97,1,47.098211416209075,-26.520878920626277,8.731640445600915
98,1,96.058269290641,-2.488037963629874,-22.820873671463513
99,2,6.000338942390847,76.88730905608915,4.114266435028522
100,1,83.85550808348627,-2.238623582680936,-39.652622313414696
101,2,-2.7844576637655805,75.92429542725414,-1.05215035333207
102,1,81.24346208526546,19.250123359349562,-38.45051741993453
103,1,91.52621535870114,-4.823143650642,23.11609996710771
104,3,-9.112262958194076,3.1729270441359874,72.0062157585459
105,1,50.75501274954758,-0.10302610641319597,-18.89891152670548
106,3,-18.73361333251041,-8.54847279584507,87.8575565024489
107,1,92.72453106151242,28.329073960116876,28.454040786131536
108,1,118.43936691951495,-23.66202110615224,6.437230419248823
109,2,4.118706912447684,74.80350733212094,3.9454572502547296
110,2,-4.035123076895363,84.82430546801714,-5.201678852754447
111,3,6.573293805642411,-1.4665906852983408,77.7757248286649
112,3,-0.36593771629189453,-3.6552245626983093,83.52230715512584
113,1,97.57345655730602,-17.629275003368768,50.63861822900983
114,3,-12.434135229833384,3.889519159005679,91.07448098928819
115,3,-15.76188150816035,2.3119679938956885,72.32415123642569
116,1,72.99746457444245,2.347302601233473,-8.7933965918056
117,1,67.70154833618352,-7.006050452187985,39.98183658374532
118,2,-6.55537802703218,77.17082082749644,1.6394708043692219
119,1,80.21674186590732,18.770665318258413,41.43041380434278
120,2,-4.061097132461656,81.05963125246713,-9.300415206562157
121,2,-2.3448781749920595,79.79534408158129,-2.6228034510420635
122,3,6.266092578270913,11.050965330829888,75.20691141444716
123,3,-0.41909698758691616,12.660083148653476,92.81040215015413
124,3,2.4106146140706164,-11.253264128398776,92.28419559790947
125,3,2.3030332532237665,2.5134462909351507,99.01858842193413
126,3,4.332578613317203,-13.908237437569573,72.52736644657605
127,2,-3.7486674107836087,76.60080057049657,-0.2770039983280977
128,3,4.6541542114865795,1.9384695982894682,70.47662905510231
129,1,92.20901148214571,-30.822016342532788,-25.44843034105606
130,3,6.498997846225554,-7.024194536756046,74.2887779925003
131,3,-8.025247194869058,14.77906437187812,71.68899078452966
132,2,-1.3964787543482857,75.82160810611786,0.6243293010453745
133,2,1.3419861817702174,91.63123669053034,-0.4938655281464538
134,1,56.962516103777546,16.405208797500904,-18.228264826150607
135,3,0.05517318695616545,7.013128224170129,96.61505730009769
136,2,-1.4831298309652532,80.15012768223868,-5.026495232021611
137,1,115.28108365987724,-43.180163113207456,21.098787536655998
138,3,-4.482609770997839,-6.038867936224028,82.6092526632167
139,3,-1.3495266613637886,3.3041519279105063,59.436891625077834
140,1,58.967273546159205,14.931704620172548,14.894504759506786
141,1,71.91026669038895,-3.41475786634368,15.154366945496712
142,3,-2.4982143175173457,-1.9866461478475472,88.87813651622302
143,1,85.91531513231061,29.72371077964279,16.30227103885957
144,2,-5.673877799141192,79.54580428370095,-5.263898585724154
145,3,2.6870698439912504,-4.5713306395846836,89.21496282023945
146,2,-1.0873159732430588,84.78891074719458,11.782173169560984
147,2,-5.580557232370122,78.003419395619,4.49050871955304
148,2,-3.246252895569091,75.82935279020198,7.665901254758415
149,2,-4.842099042157517,79.67449989310872,6.983377424908528
150,1,94.32888977416724,19.130556504978284,-28.19236088684573
151,3,4.511813505211729,5.830232995097551,52.28613565082881
152,2,-2.1315654692024335,86.12353138580866,-3.60236627837412
153,1,87.13139054592449,-13.966798508454943,13.754282301456575
154,2,1.8096452588789005,81.84329764672698,6.590872505785049
155,3,-6.442132132046451,6.945452088980055,65.22418849021702
156,1,119.06854394195021,-3.9034797583831766,-21.501596581794363
157,2,-9.501503921556932,78.13966179494147,2.03216124733506
158,2,1.2156802583093727,84.24886448853212,2.5132745117555944
159,1,115.16529774902327,-11.153098222412371,-18.366758004653676
160,1,74.35169463879748,-37.05416747601331,10.315990340659456
161,2,4.26999228377194,80.00659985730178,-4.9121960012908445
162,2,-5.107597942920442,85.53480728000474,-6.902755116059579
163,1,89.79895390130791,-28.496544050110835,4.275738314382173
164,2,-7.817945290298859,79.74630211280156,-1.2202512928033336
165,2,-1.1902815457517382,76.03303505958031,-1.0112210253639435
166,2,0.33454097186281995,77.80871715028563,8.205638019533556
167,1,112.3049540786771,-10.30514082888859,-0.11269803288698077
168,3,15.524381840646619,6.0910277504911985,73.85453007763648
169,2,-1.4190160875707134,72.52650855218116,-6.410246467574026
170,1,100.24379123041726,21.733277511090826,-1.6207583747670196
171,3,-2.1029326853471484,-14.128845165644947,93.77079003093577
172,3,-1.8026094500116976,4.155170153396579,72.62769358360987
173,3,6.953289794165595,0.9958823636628908,77.65314761411908
174,2,4.855650835766969,75.09222749358447,5.251208642689008
175,3,7.554710558091577,7.315441750299683,84.03171515176604
176,2,-0.8683478863696843,90.27535216038362,-0.22642367788322676
177,2,-1.7002271106577427,81.9389631882959,2.570210890373165
178,3,6.680845396306343,-0.9256775060428634,99.89380956789019
179,1,110.74445473359292,-1.200347618163463,-45.27382080445292
180,1,108.39083473508293,-1.6200271450481085,8.724037246790411
181,3,3.4322978749655775,-2.896276713288128,66.41280352128621
182,3,2.397925269535431,13.975104754201318,99.64010164181313
183,3,-4.04877536035504,7.902999254707086,82.2362427976437
184,1,93.2130490057197,8.094834393905572,14.924126604172674
185,2,3.247736908467223,90.24452496124377,0.023282559251245897
186,1,102.00375600035008,18.899741896443164,-12.882528911356466
187,3,9.907828452884544,11.552117016209674,60.51923356938708
188,2,-2.8179626209501265,82.47575042011525,-1.718919772902602
189,3,7.232306177471929,4.623767445581653,77.24801312984273
190,2,2.79794672087084,74.82446498481417,0.616528409108497
191,3,4.529746612370127,-6.148366494593892,87.6555210978073
192,3,-25.088469078715118,4.047737327247268,72.06202659291117
193,1,50.593833365876485,9.703215662123068,-30.970729419446812
194,3,15.985748756301861,9.855519087839896,74.02016078018323
195,2,11.567302067806835,81.61734413973141,3.6079953830183378
196,2,-5.15535082657474,85.7150163016553,0.08495916857690787
197,1,33.81539076465717,-5.1928614862707265,8.871369852949059
198,1,88.49174109492961,26.238522288557714,9.481870600820868
199,1,83.05160987831121,-13.49334169989147,-36.6458676312283
200,2,-0.5091131011893728,73.98100288457043,-2.624914941906372
201,3,13.61484512755737,-5.643301150797165,71.63105920698925
202,3,-6.594200626498127,4.797862866075811,75.6892195726526
203,1,91.76867677457595,6.634925483582065,-36.18785888328824
204,1,74.64937254921158,-21.327409738086864,-13.019609876374844
205,3,5.10389674467994,0.8880857855796593,80.31548885972691
206,2,10.205527433888744,71.51860206398587,3.9644427482786417
207,3,11.369594692671736,6.201622076775584,72.6041068644407
208,2,-3.403652140837778,76.0765089432245,5.704253071848307
209,2,-8.076671955825676,85.47687254858378,3.186934206975745
210,3,-15.947575689755247,19.846762204914704,70.22033645408582
211,2,10.66550705562716,78.64237107696785,5.9049015064646815
212,2,-5.713583434817394,86.86898170323212,-7.0339030725715705
213,2,-3.1131173370867113,82.01520325486622,-3.414036742979445
214,1,47.26318830138681,12.886301010960395,-50.40754895609886
215,3,-8.91334226028411,15.839346904399662,77.9092115202197
216,1,67.25444974313226,-5.521917486828314,11.92810685311916
217,2,-0.04668897206655627,80.81465349278913,5.743381831655828
218,3,7.3199834637246735,-12.88477372582819,69.31491262869466
219,1,57.48304666173958,4.078231771342199,6.753757795085366
220,2,4.802749514051394,76.61785130013732,-0.6315992737167488
221,3,12.30939962688243,8.05289383511117,88.07696900864634
222,1,79.43738736285766,1.226336295549883,-12.831171218377325
223,3,-1.3310209227740981,6.310979713893293,86.5013346742416
224,2,7.892900963680317,81.00867594746336,1.1192121206870318
225,3,-0.7630318116106211,2.956326876146929,86.5699318627147
226,3,-20.230186847883648,0.363860494121508,66.50213277768209
227,3,-13.256258314734827,-13.382702725599655,88.34333407059526
228,3,-0.075839670218115,-11.866978251095775,100.312253991456
229,3,-12.82104542985817,2.2717023765171542,77.09883036985563
230,1,79.39642008338751,7.397586388527417,-0.3531240384093891
231,2,0.24101980859393216,71.58090381121625,2.938087777136106
232,1,118.78714553921672,-21.40455803036871,25.463835853156507
233,3,8.75969595156384,13.39110483726362,74.24411708647214
234,1,87.59765205028987,6.59865523573626,28.520300225764935
235,1,57.589560988898555,5.920410186902068,-10.120132298603867
236,1,107.27902271328439,-10.754848606787647,11.788793166626895
237,1,67.3412732240188,34.29979304559974,-31.41552026880895
238,3,-5.736224658093744,12.515100897679583,74.903485668055
239,2,2.0400689661433926,75.48729100770058,-0.20814151644298032
240,1,99.03590098425272,-11.362401233599783,-16.767661170851166
241,3,-5.024411191128406,-7.873720364799766,80.13724554162357
242,2,-0.9043645352367263,91.46703166719664,-2.686325885728975
243,2,4.890752971265169,79.86593692257223,-9.113862176444673
244,3,-12.487354408652147,-7.273118669638733,96.1070968314028
245,1,82.41877031348643,1.3718289927773575,8.155358435829172
246,3,4.383437949152849,11.436068645940923,89.95100029032788
247,2,-4.364853099612029,81.55323047314762,-1.5130279429822866
248,1,73.65325087374022,-4.271756790151071,-19.895600754584116
249,1,77.38822539425865,-37.50902812562944,5.661303460431376
250,1,96.8464878400253,-22.549570985109693,-1.511229261726883
251,2,4.069044258594653,84.78080180548014,3.8222320694587744
252,1,75.65978131923272,-8.609120826729574,-21.51773284948038
253,2,3.031861436049143,85.40920230336926,6.863048680227001
254,1,114.63065590239773,-44.45753979132746,3.5257158299853697
255,1,127.34408281762461,-49.94402887052064,-1.8166731371513933
256,3,6.547886126502326,-4.364121114484849,91.79865458113129
257,1,84.50939169854904,23.45808297345275,10.62031857982179
258,3,12.178497619810386,1.2253467789584007,75.84244064981043
259,1,99.8277965152618,1.1049598877038893,-16.720949578201903
260,2,0.006402509763677648,81.63359562764634,2.3297995844382577
261,1,94.11185780585483,11.232369100127615,29.44552950367562
262,1,45.77067424341998,-7.1699968989789955,11.021468039293868
263,3,4.725469787584923,-9.910427440623613,81.65077156193853
264,2,6.650881626798412,78.4391242087935,-6.031883917372673
265,1,89.88972988061487,-3.1013130395047552,17.876785873668076
266,2,7.049532339061008,82.76482593013034,5.862313050860405
267,2,4.506891484459499,79.59846007616953,-0.7919128237957997
268,3,14.136522655306791,7.281463595632217,102.90768725856088
269,1,115.50712061848441,-17.026404002154564,3.8893017583397587
270,1,61.97839270083075,14.166144910650281,9.27964876409095
271,3,-6.570706163715961,12.501828262366415,69.10414799925417
272,1,62.580709446367564,-8.71910835011885,-28.767028168788865
273,3,-10.473003559581588,21.047859290511152,80.30282740103131
274,3,11.087664194283448,-5.582384809948973,83.78441931208859
275,1,64.79631632493854,12.66367795972075,-2.597791987685165
276,3,9.095317726173853,-33.47004632851744,83.11068940210325
277,2,5.85571313026913,82.83884308739607,2.314087106281117
278,2,-2.5716456352487853,71.379530631606,11.863155421698746
279,2,-7.855637507206252,86.97426611895736,8.018690607346983
280,2,-0.46324082414328255,79.81080972160406,-4.329276234971376
281,2,-7.422148478741688,86.66192568319912,8.062254536712013
282,2,4.645022444747353,81.57350222359314,6.139051675230357
283,1,40.854018085674504,-1.4850384598903208,0.11895382669358731
284,2,-4.306500847122394,84.90546387447941,-0.49994620264088385
285,3,-4.934213205749407,23.642545689754275,60.767988597189245
286,3,6.801175514897294,8.999017791217941,82.42216090207639
287,2,3.651426511400464,71.4970444574649,-8.667479902667413
288,1,119.15571799172253,6.129296548003653,-9.203401305191438
289,2,-9.764288233110223,78.07342237355682,3.18492891003359
290,3,-0.6020768752144658,-3.0847787242426463,77.78676118179632
291,2,-1.3257409066137917,79.45679321313055,-0.49970375320656146
292,1,69.67381920037266,-10.411732621740697,-19.088244939567804
293,3,0.12211460010163583,14.133821856184387,79.48865284300621
294,3,13.986831082858194,5.634275803727865,90.28709681261662
295,2,-11.694843937483078,76.81901108767217,-6.813421323769297
296,2,-8.205604949067009,75.39603950072772,-3.5482077349988184
297,3,6.216976693071638,-2.1777095133832436,70.58934463014849
298,3,-8.699857135670653,20.932773765174314,80.14915525376887
299,3,17.685161369265014,10.89203237342523,73.29337598320856
300,1,52.82856330349056,-18.561731784501905,-3.677667613420508
301,3,-11.186693543976851,-5.543062119294426,92.92280490259407
302,2,-7.573258803669887,79.5481246345394,0.03875825875147906
303,2,-3.5204753637194104,75.5220869735815,-3.1996633537270514
304,3,-9.831087665523473,20.031934595963733,81.20794244643011
305,3,-8.222372536159586,-24.669450763099956,64.69279123544914
306,3,-21.75838843519343,-2.5846379180126178,76.50228886592112
307,2,4.212264951197378,76.56053770241517,-1.9990879885317532
308,2,1.2189010028726954,80.65099260869633,-3.11195545354402
309,2,4.7237840077916395,76.61936259152806,-1.450860191946508
310,3,8.135198754987217,4.091227294648405,79.95216707259215
311,3,0.5199150449630101,-7.839278234191989,94.61277414583778
312,2,-0.5664627513855138,75.2668803726772,-2.0866611168447076
313,3,-15.269050670011517,-5.914908368295308,83.99764110752344
314,2,2.463487925350564,84.64798107446863,-0.7587879521463864
315,3,-9.834443553024432,-6.678475076238472,71.76845891184774
316,3,-5.327185863776638,0.3098748062929601,80.94456002828167
317,1,101.06338385280817,-68.3681055070667,6.618778497243233
318,2,3.7538392766182263,87.37251879987146,-1.9308733146429777
319,1,81.96924997802469,-34.123839696212045,10.891995594351453
320,1,103.7317238242932,14.773001188616096,14.091208255894088
321,2,0.8114256569301624,86.59433167292688,8.811592437201895
322,2,-0.05918534353346307,80.45616232048818,-11.716594749683562
323,1,82.6284956331516,-17.316930079644646,-12.172194350538616
324,3,6.814649405863823,-7.210234030929873,81.77570346381795
325,3,20.255941871977146,10.464028332389788,98.41240379567179
326,3,0.15929694462792765,7.246329408846556,73.46781928318129
327,3,2.774369005782107,10.805478672169409,71.25550236226218
328,3,-5.992681390416732,-16.585482931517713,57.912512301470635
329,1,73.42029717273167,31.53579754054293,5.739298458676267
330,1,65.44162629697288,11.187191032682605,6.346444348869976
331,3,22.131150695958294,-0.9222727057510036,84.95559196616841
332,2,-8.447667269970905,83.05400699544396,-6.005343155529474
333,1,86.22881981833892,12.276255101483436,-4.309932318388291
334,1,88.8113303138881,2.4041459022904803,5.258044276220621
335,1,47.85113195922228,-15.948834159343306,-10.000543083879695
336,3,8.786597624258587,-13.060069805854056,78.73391120091281
337,3,7.488918025195545,-15.815225468411736,75.75769590634815
338,1,76.35819943843647,5.097666363633817,39.563184051314494
339,2,-0.6093632556254669,87.19070331306857,4.273779141482554
340,3,13.848939919657546,-8.102479607103101,69.11431487519997
341,3,1.942760000443406,-0.6928540516550419,89.25703456087254
342,1,80.26529080178088,2.654756727741066,13.965818142869095
343,1,81.55547657149906,1.2933805875265179,-16.03167221719984
344,3,8.329005700367775,5.666616688867535,67.74803447385263
345,2,-3.431644931017637,88.35014112670108,5.634010143515802
346,1,66.29742260754053,8.177926642333418,1.74586651663046
347,2,-0.38096081816396093,84.96359790936958,7.2587650289144285
348,1,87.58583290933724,13.465914772615786,27.444086380908573
349,3,-12.73794559304716,6.287647703815837,76.84182025793652
350,2,-1.9096820614066217,77.51709506665198,4.493189547837551
351,3,5.403637283658646,0.7175737416437826,75.443095129441
352,1,90.17067916926088,2.4918886661711577,3.4692155055681555
353,3,-10.880111678449104,16.703951172446967,96.5541163697313
354,1,49.53022050695127,-25.563814896533515,-6.284622007972676
355,3,-8.947438377060383,3.8250931282712326,73.6379137898428
356,2,0.9503146961654028,76.85102125095575,11.229349741803063
357,1,78.37334719134175,51.299546445307875,15.941174671223806
358,1,75.01416005893084,7.0263954475944415,10.791478214596602
359,1,57.24510516091367,-28.668612673898384,-5.10762494328403
360,1,20.917652465525272,-0.5052449971541497,17.549611303939354
361,2,2.4089355101187593,84.00721866606914,2.4100070349584497
362,3,-11.024997662375245,2.7330019785162274,84.66207857307025
363,2,-9.378887315897366,69.33850480293727,4.331189056658094
364,2,5.357932090086535,81.15828913961667,-2.0152134874862786
365,3,-4.467798554848564,-2.7201631700625866,78.31922359593737
366,3,2.9362139303024253,9.248659630666515,73.68298258954383
367,3,-13.367140603593228,2.814782700930502,95.15185798843827
368,2,0.8991245168798923,79.4374234403328,-4.021361774998246
369,3,-4.932777953051301,2.7503874330920404,70.88652312280443
370,1,73.96456224260508,-14.620869385780207,15.70025131263659
371,2,-5.456062754328998,88.34044650610412,-0.2818385665945491
372,1,97.80598539942548,6.721997800826012,10.600926880062477
373,1,92.35492891771106,-3.7030522480553065,-23.297751549193976
374,1,90.7830450159306,29.215437463090904,22.681874696362012
375,2,7.177977716350173,85.72282860351967,4.236171841594235
376,2,-1.169069089881066,79.5568859178524,-0.4227061581885821
377,2,0.06382369198807912,85.51268098226181,-5.361567144927672
378,3,-4.918530697323673,-1.3052923498525348,93.99158062156859
379,2,0.425925682107905,85.51982255263593,-5.831576986283048
380,1,118.02764920457209,-17.35061625338368,-24.776149568485724
381,1,93.04072811692303,-38.5831246939371,-12.09076235989373
382,1,92.06906377185881,5.519352459548279,19.34929803955531
383,2,-2.7625587820501494,77.14415879887845,-2.325217628607227
384,1,77.1218360789376,-6.994933154679888,29.09272932289168
385,2,10.381308905633237,81.23868027585976,3.9250096206615903
386,2,1.3069326756853838,71.06292455856159,2.4813465823274656
387,1,85.37600260890986,23.26495326819476,-14.964097621878103
388,2,5.366962595697603,81.36665078554789,-5.014896933007135
389,3,-16.813121153793503,18.59530448685987,79.72776161734713
390,2,5.5613167159517465,79.70303224815247,-2.0807167214790847
391,3,19.991215167641798,-0.9438353345228577,82.86679423783112
392,1,79.32045834859883,21.897177888025254,0.526271393723276
393,2,-4.348503750773635,83.97803296036786,0.9610003496786247
394,2,-1.8567123074418557,87.24299929990573,-5.497330909142332
395,1,71.17676264721322,-28.678793919930886,2.7848066368558095
396,3,-6.170479155766638,-2.9602596097970264,86.73692511522981
397,3,-13.36713372735126,-2.0637133077126526,76.8728879129112
398,3,6.015754932267699,6.271127716154659,52.784845853101416
399,2,-2.049831829001953,79.6402869200744,1.488570763279783
400,1,74.67874676117835,-6.2912342609804695,6.505460177880744
401,2,2.435990505629029,88.70137218150165,-2.4501601949399467
402,2,-3.201113941504711,79.53291824906836,-2.1414821816202836
403,1,81.4483745846292,-14.448775375470916,5.4945512693153065
404,3,-11.03417784525382,5.390534290316285,75.03976822038615
405,2,-7.322658235327333,78.21810978058087,-3.8909770575940823
406,1,114.332568144523,9.37573978280595,4.853174599568471
407,2,-8.277980957946363,78.0213977320342,1.5027903403248364
408,1,79.48597381371094,-12.627302930971776,10.802976793081083
409,3,8.183675610491083,-8.029282010395715,93.21957249430409
410,1,101.19108322021658,4.331359378447066,-27.831314818402156
411,2,-0.8498126899063156,83.42016847470961,-2.3368211904712215
412,3,6.575208258536021,27.57262360389252,80.74906991428499
413,2,-2.6524058040175706,84.15607707491078,-0.7675267331669846
414,1,60.166028222133264,-14.9473175842326,-9.732657658118791
415,2,-1.1666613175152236,81.29507689926012,3.385011966328952
416,2,3.4423686599199095,69.90605113150947,-5.22552725111634
417,3,0.12104017858440884,-8.468834165447737,63.81404787298966
418,1,59.965343141191866,25.311512992614734,-7.538258190211237
419,2,1.6320003877207887,85.19700894063853,-0.6231132516993831
420,2,4.826549076133061,79.8739954856996,-3.156797771464978
421,2,-0.1914051555333171,77.58653594958274,4.482692946613041
422,1,93.70823873704607,-11.181905317892094,21.702947863722176
423,1,79.40792916823703,8.18876536142289,-34.80150140704792
424,2,2.687838157562314,81.49139753438254,-2.2585251554344237
425,2,3.1866714230702287,75.36874344314593,-0.8450842128375234
426,3,-22.662312376923634,-8.48939970166127,79.99235056002279
427,1,74.10297906073883,-29.81913222101864,11.267754517734282
428,1,59.94542593597344,8.069182775285318,30.598560795945126
429,3,22.099528057120168,-16.377720444018287,65.8813695024615
430,1,96.05731549084729,12.103187114292362,21.696038526438983
431,2,-2.34478454080603,76.52425838868118,2.1789527992450064
432,3,-1.2221569475720866,-6.9605701844403,94.45938449173599
433,1,79.56450302538775,7.288792557140617,14.102676353798644
434,2,1.406051463066328,80.25584546023731,7.454360332928305
435,2,-7.768895333891276,90.22425951748822,2.3374233754318112
436,2,-1.5357815108044575,81.08057628544412,5.251858760562213
437,3,7.0629355660067,-11.279138364210365,71.18804783227412
438,1,63.86499309957516,-3.4979085003502446,-10.369691874234793
439,1,80.37807895039231,-18.017907870313863,-12.088077788420847
440,3,0.9188080725023642,-11.349989109844124,84.08547034796825
441,2,2.203508616713053,93.97327010872658,1.5630788223740921
442,2,-4.0412715460165725,77.34184500536516,-1.6486991649401879
443,1,67.07813728853988,-27.05375471733244,-27.70234703659328
444,3,-3.2480194877101893,3.300721461809707,71.23178662718371
445,3,-1.9678986058549042,-7.076228791701929,95.22006609905795
446,1,70.72429475150757,10.793523254211,12.797868053653215
447,1,53.88200498830934,-4.9756573352184015,11.967843283352884
448,1,76.5270737979791,5.169852219257266,-8.223232674785038
449,2,-3.501845099069972,85.12009040965279,0.3918553210804787
450,2,-3.5728459965130623,83.76360527380926,-6.132447396521542
451,3,-11.905868856672342,24.39384163256756,79.71638905273376
452,2,14.927682725269378,75.43817229017345,-0.04941768830964554
453,2,-4.4097647103506175,80.61937128213742,2.2332308382468997
454,1,88.06736596835226,11.916840388717143,45.7424289714595
455,1,37.03820224759088,11.048838133753147,15.413824187871775
456,2,-2.5031668203679054,73.7029653898998,2.3893548322221454
457,2,-10.618263261755159,73.04325144572304,-6.939350236743778
458,3,14.435937985540729,2.6371692920397516,74.42322886435323
459,3,12.4956943356663,1.2123447689635407,71.4296537275111
460,1,94.46986933097602,-9.090030675449256,-9.493708568447921
461,3,-12.082541202242641,-2.6298488987670128,90.48231461860264
462,3,-7.627349708079013,7.6934985208147735,70.22278702815547
463,2,-6.763203053699854,72.84445732086928,-13.01570241067899
464,3,-16.536638570852,1.8019221839555413,84.87162187968066
465,3,1.2164220312751985,6.378708190561683,93.1719935710163
466,1,76.77163958349794,-15.660330945921949,-2.7483611669040444
467,3,-5.391446394007943,-4.130495486372581,78.57279082133293
468,3,-2.5661749803851053,-2.177733184491789,80.73303613180992
469,2,-0.6716908652721467,72.32804691865785,-1.9126746441991145
470,3,-2.196975640491463,-7.507008491085061,63.50361745232881
471,2,2.4243614640072146,77.83911280872974,1.4912314138432943
472,1,79.50606179576941,2.538232272690678,-17.15648751318051
473,1,91.12218060739181,5.649641543675803,26.987099458599744
474,3,13.786915955946963,-9.96131244085985,86.00524352670938
475,1,75.63924450099384,-20.359201598827337,-32.508643008125475
476,1,66.64648086015546,6.4709930350493705,2.219543688585346
477,2,-0.19839310902011895,72.76886891529027,-4.728382976654783
478,1,64.61476307826294,-17.23190675742541,-20.271288836267463
479,1,70.51750679255724,18.02435597759177,-4.304577242177098
480,3,-2.0130102809006316,10.716707828771483,70.23750046378316
481,2,0.8055782860272608,76.22478585641784,-2.6302439785940006
482,1,113.15912238417903,5.676209671794181,20.544689931502795
483,2,-1.4641149460879412,75.14017360817408,2.7737721653220015
484,3,8.902515023118431,-7.970154264058857,99.58263885681785
485,3,-8.183052554597424,4.320706099375842,82.70836198056169
486,1,66.84535173733663,-19.280269417687627,17.700704564029834
487,1,126.77443227589832,36.97614872268234,-1.3445983886153607
488,3,-2.350923162380083,-10.12265738902546,105.69442023041641
489,1,82.2143784524778,19.809068627199757,15.873280334283844
490,3,-2.2379069415442525,3.0723856571512,79.652203227169
491,3,1.9856461934425522,-9.370592456992222,79.88849541744027
492,1,72.37682037337429,-23.964282390712526,2.8397861940903635
493,2,1.8593112153661173,77.49635578164553,0.6010673711495347
494,3,-3.543681895146877,-14.881348055125493,85.55837226202202
495,2,-7.618056231609213,80.25994605591144,6.63688813109313
496,1,101.98275785631483,41.3240493761956,20.81229335728757
497,1,73.18733735358292,11.574181462205459,12.014447721356895
498,3,-9.575505517344308,-8.561422405249829,79.55645708967916
499,3,4.890306841354634,4.373232063922775,77.76536849717698
500,3,-8.533614264347554,11.53817511073687,87.96992132309394
501,3,6.3917639007874705,7.610713897300439,79.0034307626242
502,2,-1.8436679162566072,82.83333862140067,-0.21490631009431682
503,3,-7.529984922396359,-10.825439203593696,63.4041282606447
504,3,-3.074556799319379,10.712352150565907,99.10620240095491
505,3,12.189780606521378,-6.383976141745094,71.53238993420426
506,1,33.6757970346393,9.97259418359604,-19.577700288352595
507,1,56.81321973732736,16.207978010026142,11.718826642269054
508,2,-5.37747518550262,73.95195056241074,2.7932983790686086
509,2,3.371792079914935,75.19623892305533,-2.0658351615718145
510,3,-11.108985269617397,1.139932725257187,82.44005065495796
511,1,92.3252082975074,14.926125053636785,-36.80031627791108
512,1,81.60221955654056,-18.225142106255735,14.763324679489054
513,3,4.341357429977824,-0.5336134890679907,87.4489694415164
514,1,111.68615695647537,26.145763351151558,11.584832452084875
515,2,7.061713311641985,83.30158371747433,-2.0239315882312665
516,1,79.45036968561423,37.84057817336921,16.38984834479368
517,3,-2.0582977275002614,7.4725819166122465,69.72781368424295
518,2,-0.7891718653553832,79.10539451663084,-3.797949232217376
519,1,88.09739696366907,8.755821077553366,18.53972444427211
520,2,4.91040928581717,79.6288662744447,2.2159465588171265
521,3,5.846854326116535,-30.38809226890564,83.18365732085455
522,1,54.803114001680854,-17.227016437004565,15.753647702282056
523,3,-7.638131722519419,-5.5461671593449555,84.70814697821366
524,3,18.54713235001301,-12.25434963941732,91.04462649848566
525,2,3.088420331046986,80.11582876502291,-5.345393420741836
526,3,6.195661534645316,4.3854774088335216,75.55638995302613
527,3,-2.5105924604147494,-12.341433635952457,80.5030653821558
528,2,-5.810882912567442,82.45623266387784,-5.9662556811544185
529,1,69.21987249844578,17.10408644224179,4.7403152210024775
530,2,0.24136338971052362,77.2063665590169,-0.5444640546265566
531,2,-7.07970289130401,79.53258271660617,-3.553588350275297
532,2,-3.0677521421793226,75.59138697753679,-0.1572557137491294
533,2,3.2222953482934584,74.46568910192335,-1.6810894108774235
534,1,59.05370783938239,-23.096138136264308,-4.658892680308647
535,3,-11.92202365413518,-12.915853739039925,91.3015866548728
536,3,-4.947088957127799,-3.3396109864791312,65.24754379451812
537,3,-7.485974888278997,2.412913875535681,63.441625109956945
538,2,11.116391802786968,81.58398654487964,-7.341900156024538
539,1,111.7146401689429,39.29526056602772,-7.754803468523669
540,2,-4.375806036349723,83.16894617389313,4.449408918002639
541,1,105.60441600454985,1.749812369586365,-41.35973544961714
542,2,0.5895223388456949,82.375763583528,-2.636640171828757
543,2,4.580069739702932,78.59300270950939,1.2216048728838906
544,1,120.73264647401396,-11.766447074908115,12.70325707193961
545,2,2.3102619471739585,85.83840703136309,-6.476905744825525
546,1,90.4254513947838,-14.475494501413657,-24.507334384014825
547,2,-2.5047368665115055,79.58364051888192,1.0723080907632718
548,1,71.8149556502798,18.12966258177783,1.153961026175352
549,3,-1.0531612934883237,-4.9079040511940555,85.8059389822562
550,1,66.58446973294039,-43.618176094110346,-15.571885520803788
551,2,3.1633190828435325,79.57771025484544,4.7351731475212375
552,3,-5.199617157626632,3.6648826365429903,83.2579168717373
553,2,-5.816453047774608,86.96145414268788,-8.545308510685194
554,1,120.18444650417382,-3.7730412817716203,9.163641192053113
555,1,34.30982059302529,11.645268006482112,31.27437619338117
556,1,81.16587194425458,7.581200251152582,-7.638906895001619
557,3,7.455458953964193,-4.569897130486546,88.87264307881155
558,2,6.080319332417002,80.62083000230828,-0.10175758860756397
559,3,9.576526790547065,18.540933015133415,76.67334356388307
560,3,10.134477002604225,-17.56635640116363,82.61157232759815
561,2,-5.875686407925986,80.48624728357463,6.690606967269577
562,1,79.78722598058727,24.64737143333581,48.56605379178259
563,3,-13.585875687128686,14.132667618204454,70.42447560836956
564,3,-8.424437544404364,-12.624001944724482,74.80087314252964
565,2,9.206218422643081,77.54752913625757,-2.7271637452830086
566,2,0.7681969428638318,76.75419337429224,3.624750575491442
567,2,-2.684468205859778,85.60730967472388,1.6754907850704968
568,1,55.678905596236945,37.61692393570391,29.212323134810326
569,1,81.87823772691273,9.586488777416093,45.574906133254984
570,1,107.63601997708491,-15.827663311539915,17.0575531604044
571,2,4.379455623489212,75.9702944310871,2.9732524552489603
572,3,8.721969566248893,-7.372910703159052,83.24824306331533
573,3,-4.242115814016674,-14.24653507029571,84.31584085572705
574,3,0.8895109267953005,-15.09811666792173,107.18625662458433
575,1,74.31426476899424,50.43301967719995,-20.15004319984776
576,3,-0.3532413415229123,15.207447390173668,87.057117593793
577,1,74.48459188284657,-34.22094869232355,1.6622034432332509
578,3,4.499275695472061,-9.501618946144095,86.40864728129596
579,3,-11.289008144389832,22.7233964146464,74.12121648640968
580,3,10.499233316688745,2.2236800670227255,74.74336188858443
581,1,57.180424751604086,-36.49573277198117,-24.976929756155574
582,2,-1.9711348758316314,83.94775748813927,-2.057448622175058
583,3,2.5333433049092617,-7.631257524239343,92.0977228866789
584,3,-0.7459691266700292,2.084779682757587,75.19905008621167
585,3,18.281877283489777,-18.778640726787042,83.01961870177995
586,3,8.213261026329942,-7.189697384318839,83.62268403400346
587,2,6.811647281821871,83.20026682576498,0.9565149510004227
588,1,113.04606212667971,-12.8412812148843,-1.7156225360198678
589,2,-1.7393427445405516,76.33674194772955,1.3048557616925476
590,1,85.23642083328596,-8.398351837908493,8.669649092361164
591,2,3.925528332982304,83.78599218852376,-0.7987275986233133
592,2,-0.716019032297253,76.5313581152815,6.409171074683164
593,3,1.2102743903300355,-21.617692922963364,106.65540920970248
594,3,-9.124964240913215,9.778527930739086,81.52030399177544
595,1,85.55525196206737,7.362703881089216,-0.16565734081426253
596,1,92.79974689569363,-28.828914363909316,17.097051931478045
597,2,-1.5903261329515077,84.39209253616914,-1.9684200722554348
598,2,2.1981214642816975,75.49516783325188,-11.198057969560312
599,2,2.813645163273553,77.97822257394297,5.033444403022339
600,3,-7.128794551230357,-11.31175620005866,63.523595355503566
601,3,-10.880787828884015,5.156108492690907,94.41418707883479
602,1,90.7628695601262,-7.266605623648554,-6.658941477616914
603,1,90.17291009196376,-19.08094506095254,-9.699387882401494
604,3,-12.492035934976045,3.7148603299343446,71.45580823957519
605,3,13.961612237487206,-13.570813913585917,62.54540695441528
606,2,-5.068476051432959,74.79145055933209,-5.809529423236483
607,1,43.357494244825446,33.25595536762087,46.85063268086139
608,1,88.96932015436502,1.433243674094265,10.2453391329856
609,2,-4.852809010421487,76.44368639918963,5.705944644299005
610,1,54.344608867713184,6.249420582439544,-8.974558758613107
611,1,47.14164651441676,26.934105196301118,-18.335248516837165
612,3,-7.787374649019263,9.450030119113057,83.06938068403073
613,3,-1.1097569154471734,-2.261112216005589,81.96133543888776
614,3,-7.584525131122004,0.4530211011443261,91.04757046978817
615,3,2.0250778368922147,-4.637846749857276,67.16764734358598
616,2,-2.8245089845728604,75.87397300710117,7.758802440802517
617,1,104.23981500186372,14.772451561187179,-2.431865013585662
618,1,76.11914658241635,5.555936427782198,-9.935285017860444
619,1,51.12941964900486,22.727072614177153,1.6086549573902698
620,1,77.02717612313401,-14.794639195435789,-10.187817995278841
621,3,0.3126596192421318,-14.862412757981653,100.35001660971717
622,1,50.57350034299083,-7.440746401955788,-3.4416070275708686
623,3,-18.175569358660173,5.624735515101937,87.20930715177505
624,3,-5.871675619795552,21.76241963788918,78.78133045083058
625,2,-1.9692003158346454,87.10000142359468,-3.7392774904104904
626,3,8.82822479974108,9.54936406283697,94.04085660625074
627,3,-9.841354732947567,-3.6007135126426193,93.86388024901292
628,1,86.43334373522015,-22.127434115338968,18.872047002196183
629,2,0.02025979170171536,66.81584070366951,2.4513666400214573
630,1,74.38087961222915,-15.786064673324084,-19.32166183216218
631,3,4.6925690770107416,24.987750730751344,88.09024072203542
632,2,3.477094746132435,89.66306529082408,3.014773564495891
633,1,89.19835019540983,15.197772045933558,8.231542021799473
634,2,-1.324682303973458,86.89717721135602,0.6221251524482575
635,1,69.48710665750643,-17.95700291710251,-24.220949533158933
636,1,79.0915277821358,-4.046763651837276,14.785209310164916
637,2,-4.574758470088841,87.77834357297709,-0.269268963729693
638,1,86.67043563272216,13.697206227345287,2.9401942522018047
639,2,1.008042995771735,74.7376259391748,-6.060932457610381
640,3,5.395439836279786,-1.0188437164998734,85.42339739105685
641,3,17.705277248853587,2.973885009138794,87.43141081442033
642,3,-8.603208586251146,0.5959229816341101,74.95466881533015
643,1,86.25287469299647,7.389137098416898,-19.68140605083836
644,1,70.90703490750795,-10.162928507975543,5.578141860049782
645,3,2.352644147146075,3.4096664706155626,93.21093727325201
646,1,108.18145266276841,-14.419162528615498,4.0764522226009765
647,2,-0.3011749554787308,80.10724619283025,0.8657077971530016
648,2,-1.7687446848856507,77.1494654015127,1.899178056907479
649,2,-1.5765062594595045,82.88793642989485,0.25108735443883823
650,3,1.4702857935797935,6.905908287401896,75.38036726550511
651,2,-4.932559805238463,87.22698192408782,6.328399986838225
652,3,3.2701042171983237,-7.5749255075888104,93.1813483827796
653,1,79.67526255235917,13.640291312160748,-4.390927298712992
654,2,-3.0607640090420936,81.46988311541247,-8.560448577285175
655,2,3.9468437076597604,72.98233469702828,5.445299910609057
656,1,58.307499070092376,-11.829249643513863,11.761617632763118
657,3,10.189922683797413,25.04441167068997,88.53164194896023
658,2,-0.9676933442327723,79.03344127317541,2.730462143613019
659,3,-4.332887265160149,-7.708653897178131,81.70480035748758
660,2,2.576733907244008,81.62281291939748,-17.53255266749256
661,3,-8.283593112058876,12.059381573153614,89.90179083240704
662,1,70.86528551388653,39.102165422039604,-6.148065713298064
663,3,-18.803219777642063,26.558449358345975,76.47242395458814
664,3,2.302099397581824,7.71516957001821,72.39020484963723
665,2,5.562291874482039,81.40921848622848,-6.41555293718763
666,1,94.83668910629335,-0.49126657179552996,-33.52712746488211
667,3,30.24827996672382,4.495300367292557,100.08146411195719
668,3,-7.040506118979519,-5.855398668490427,73.89644063917272
669,3,9.200349619270526,6.947064829827588,76.78967185157686
670,3,-5.852312016029004,0.040543248670334,88.05713714984509
671,2,-2.0031978929499523,76.26111260436839,10.479870127237492
672,3,-1.4663265208675353,-3.7457965402592497,87.21198414563499
673,3,-0.7108217667613439,-6.860291241674766,86.89457936898275
674,2,-0.9257832243230053,84.49351832525339,-2.5676454449866766
675,1,116.75696933573849,29.478874334907402,-12.286535853734694
676,2,8.913531359531191,76.8471571945506,1.6811597683749557
677,1,73.42652385336675,-14.464991265745969,12.494620826634131
678,3,-17.474370689418734,14.453983045550467,79.7429407007572
679,2,-5.7996663657341205,81.55951644673074,5.5015196591505315
680,3,-23.93789305666857,16.70660036944113,81.58772781359833
681,3,4.455840355158413,-0.5939760365619257,86.6952684580062
682,2,2.6013398859986165,71.95945318817441,3.5783710305179466
683,2,-0.9368671588944245,77.25191628679296,12.212081875061386
684,1,61.4358964143799,5.640383058586224,19.215881481691216
685,1,68.80036743351332,-9.470251068683849,11.312857911462073
686,3,0.9045737508226004,-9.220338906715785,98.15865909183435
687,3,-21.52421140642022,-30.446126474549384,79.13322077050037
688,2,2.4721554760168862,77.36985229743915,6.054002458571021
689,1,115.89119762581043,4.151469131424006,6.115545406050576
690,3,-16.97763173671574,-1.593470404711067,78.54312671115079
691,1,43.478990475476785,6.367279601639051,-11.306255297716612
692,2,-0.9795979350776428,73.00545820794055,-1.9972621444966518
693,3,-4.062530209099599,13.371301817904534,86.42866337555213
694,1,47.25998604945458,1.2360915673879154,-4.44415593008754
695,2,-0.1909887395157558,73.07236371168234,-4.016164648718524
696,1,86.39057822853529,37.30624442506298,-8.922768366530576
697,1,71.36838464072261,-9.3605023051098,12.106412545728935
698,3,-18.649212803789453,9.639928100509568,85.49136029662935
699,3,7.736660731504534,4.003611493478464,85.52993944953516
700,3,-11.169250937472775,-2.0311866271364374,73.51766744163592
701,2,3.3027458713232734,64.20162884778769,-0.9197308156615525
702,3,10.113865184489924,4.204461438784568,76.70350804001231
703,3,4.754038347468871,-5.527727139035006,85.29531385928297
704,3,1.1297489954721338,-15.75402153941933,51.258205071197295
705,2,8.21960376085493,80.99402108973295,-0.744721505031587
706,2,-0.9308943755607184,83.45232405523933,-3.8280190865366897
707,2,1.6688967908941699,79.1346039897284,-5.633650467679972
708,2,-0.08184742001364481,77.31875342533488,-2.5592284458266006
709,1,116.80460006518638,11.165716355790252,-11.994708137353394
710,2,1.891912949379543,78.53213142145074,-13.885316201649449
711,2,9.125245877423662,80.59601606198221,-0.44720961169730666
712,1,78.48674175826012,-12.638434181681394,-7.8701473429062405
713,2,-8.65890952807974,73.71419915816875,1.448996658062436
714,2,0.9178800854084492,86.65422653316674,3.311660286311269
715,3,-0.5916247003859527,2.216193115017745,89.96055802548184
716,1,61.99294008156002,-27.263895227310808,-28.45747625540552
717,3,7.140053449051756,-2.732662521890048,86.2878151767381
718,3,1.873817038489383,-4.426635545731659,87.57190913860741
719,3,0.49142885570022915,-10.575875274927636,58.99260893496688
720,3,3.898112670693978,-0.8599979573589968,76.13411981030887
721,1,74.71031558410631,24.27024955331224,-43.34191739374915
722,2,8.072276911446242,75.56627652559432,3.5044767543588273
723,1,76.92994236009977,-10.46935074525258,14.067080928696075
724,1,101.53024930784382,9.873901581401691,-14.918544660043818
725,1,78.88748863723389,-2.438934803953086,-2.930674103172355
726,1,106.77740041636426,-1.6323817041048592,0.7490197035624195
727,3,-3.571444453596799,1.805109726451376,82.5899221175565
728,3,0.5306212827158836,-3.158399020053266,68.82305431985928
729,2,-3.978296050202391,85.09085756798247,1.9704929081110563
730,3,0.669613372956801,-8.552551172872363,91.70464977111723
731,2,4.845550769313125,84.75893465679495,4.257412628090408
732,2,0.1691106889564536,87.47516032484576,7.184208690509317
733,1,69.24156642499841,12.357172737852162,13.56883788844611
734,1,102.75305368434891,19.127593983308195,1.822121423811964
735,1,78.2547359518169,8.358262244678551,39.68479448761287
736,1,75.22412392058534,-18.7837681127758,14.344211423883594
737,3,11.088249913307681,-8.102276024230786,78.98245504535073
738,3,0.004222569704497565,-3.7760443879564183,81.2795006922149
739,1,100.90018491535095,19.41182215023285,3.060449452421228
740,2,-7.935475311792688,77.27469264196128,-4.315413224885649
741,3,-2.285927594319153,-3.077569036169657,79.75098190128989
742,2,-1.897436963975713,83.27863529184106,-3.447410180923018
743,1,78.21985985025967,23.783438975103046,-25.39836079064193
744,1,68.3630267031169,-5.29785082660028,16.823966589757596
745,2,5.0887405168571345,80.88828646751591,-2.6029062235448324
746,2,0.9648696542107331,72.95845191186119,9.842159426780867
747,3,8.161149128236795,-0.38068599209846354,78.35818032796828
748,2,0.9061236680757063,84.35467909120882,-2.639952783271837
749,2,-0.7015915979951266,81.73608492368646,4.236355659863675
750,3,-0.657126968630224,-1.5949848364043853,72.77447101103917
751,2,-3.2494262288524,81.18358883752579,5.266306016789021
752,3,-3.3019995625853262,-4.507382534248107,89.57933144335087
753,2,0.9844678990078941,72.84554468259611,11.09047957884625
754,1,96.3419828955146,4.550313363498326,-34.68258526572339
755,2,9.310155863080734,78.2016006217971,-4.788393900917748
756,2,0.3022088383611397,81.87276463065983,8.876720657663563
757,2,4.868692925213998,74.90691423107621,9.188889314433798
758,1,114.86457680302638,2.3859458647429754,-6.654077343162635
759,3,12.566897942037457,-23.748789459652517,73.3557506074649
760,3,-9.931073621690397,22.08056838520969,78.56252556804431
761,3,2.3143179223833363,1.7000034668498745,82.0971509475405
762,3,-5.6898066325641885,7.690222315722945,86.41022012980048
763,3,7.1664140109871965,3.8411760279597633,83.62537247852866
764,1,70.55291423195897,-28.63200887187357,15.284882736708523
765,2,-6.547301942688132,76.50335468830156,-1.403985171706033
766,2,5.706906210761861,74.28204979456413,-1.600412190392191
767,2,-5.669309843042346,74.34811943003126,-4.09237999089884
768,1,118.1303513313919,-9.732730976840946,2.4483901086136326
769,1,36.2793075584074,-10.013323413712085,-12.45752842697101
770,2,7.541375044400679,77.80541517773608,0.3528903679118495
771,2,-2.8704804816188063,80.2844313430836,-1.3082641934792942
772,2,4.374526781116163,84.42748174361442,-0.29498302805648463
773,1,69.07636868624394,3.300152673224656,-11.144115164658428
774,1,68.11160392277236,38.258664064631446,-12.98434014771046
775,1,85.57092396756047,30.483249487848227,23.997535392316696
776,3,12.115454965097168,9.573925411655544,79.25363723198892
777,1,95.54693176073017,-5.057696236850349,-10.654437704442788
778,2,-0.3209466120198702,83.55048717737353,4.029706354676509
779,1,94.53850847163228,10.965887462383074,12.15619438604148
780,2,1.6859284515002482,79.81453262913575,9.227147849719048
781,3,-3.3929336929606957,7.92373422720626,57.47741027360835
782,2,-4.786741646086273,80.89476354919712,1.887788298083002
783,3,6.502896774896474,-4.703774308063481,79.37988894539052
784,2,7.538147133919521,83.93233913281504,-6.651027720083793
785,1,83.50067642470853,-13.23501291191086,-9.224994173242775
786,1,94.99445898688771,-3.556826074744042,-4.033329880534952
787,1,93.80772985207496,19.217956461572875,-29.115825186653414
788,3,-5.158034630716417,5.754130240796043,99.37962710234936
789,3,6.140854145059911,-1.7979718594831309,68.5646383781638
790,2,-0.07330609411800214,77.46960478443297,5.017994032122965
791,1,71.01227012326915,19.47599564768992,4.911859536762593
792,3,12.45819923058669,-2.0132130494582112,84.83752548552172
793,3,3.3341192788680365,-5.077524096042785,74.36652885442773
794,3,-9.636313221453024,-3.3510115462579613,79.33999930975119
795,3,-5.314235749822478,9.539338554455641,77.11436460671914
796,2,-5.731540089570246,77.35424286760916,1.407213119163953
797,3,13.31673378107076,7.762404464639751,75.50405679641037
798,1,83.13973958871833,-26.000219948320193,3.5879762450358994
799,1,81.13228671421905,3.06352343085314,4.103052649918265
800,1,80.43964031719867,9.005576736611049,-31.904177593632504
801,3,-3.8767614089040348,4.862061959992696,71.48101084037931
802,3,4.0834752472331495,18.51684687360807,80.7823434393758
803,2,4.954427842845917,84.54650034860799,-3.5740764403275973
804,2,-6.502095313406867,84.17645125040376,1.4717742286846136
805,3,-9.63614631881282,-3.8141074855494606,64.63222650211817
806,2,-3.638505994341344,78.04248167374608,-3.1465741003591
807,2,-2.50236351842534,95.24826762923843,8.176163993437825
808,1,62.632743962791636,-21.725930610446497,-31.110564843377063
809,1,61.40053518426793,-22.798461377946133,8.05033846640188
810,3,-16.436897131366393,-7.9206850479035,96.85251741930702
811,1,101.81505168135206,-14.449823471335161,-4.520586942937034
812,2,0.7484040009247142,79.04282082527251,-0.4375639343841597
813,2,-4.660091511072673,68.39589175249137,-0.6132387568679664
814,2,-3.9349037113828436,72.67455455090057,1.9936588753801936
815,1,94.78264147626355,19.901658348917145,16.79555226102655
816,1,68.95941228391106,-7.87737708937319,13.012781538710708
817,3,-11.90984724192864,-10.754775499183317,90.6673416922063
818,1,82.95102908429399,-4.744508051048684,-32.72105653503277
819,3,21.834809851522643,-11.234000381451327,74.06672702308455
820,3,-6.0959168347431,-17.61774963968715,69.68610791866018
821,3,13.106364799584988,-5.004987053748425,91.1718297524059
822,2,-3.724199825598567,71.14476772634714,-13.533797260403302
823,1,80.91008519850492,-41.55033201698145,-11.449140172390056
824,3,-0.5759382969521863,5.791702195382758,72.65798281145771
825,3,-4.5852700045546415,-0.12087057356755088,93.12523280921377
826,2,-0.31052531969661334,81.84421791135189,4.307104117486191
827,1,94.5486953000588,-6.9970712470867795,24.968322283279637
828,2,-3.247169696982844,73.72080025278052,1.7099060903029328
829,2,-1.7540595113576951,81.87164784782978,-6.213263029379245
830,3,0.6032892697419519,-20.059968718855732,73.03508591637646
831,2,-0.4414885143627064,87.58681787241258,7.380889196525868
832,2,0.3553153786885397,85.17375800788214,1.0289527509375478
833,1,88.36454270075409,-11.089898748568942,-3.046162462485327
834,2,5.212480470814155,78.26864988453721,-4.922385874719703
835,1,111.6976977400627,-17.70841368854182,12.10917089437598
836,1,81.64318693257793,5.304776222559644,-53.49216283200893
837,2,-10.401780079262418,86.85239017656119,6.008085030967671
838,3,-12.665293022206622,14.135775901262448,86.1361666015263
839,1,100.24058301617977,-15.39741137907839,0.6321439084645263
840,1,53.59099664567686,6.36291919922479,-32.824185243220356
841,3,18.400800235188797,4.15102687313131,81.82758542434374
842,1,56.201312779296494,-27.799173068760577,-5.532463790551537
843,2,-2.3339154893038088,70.50894062149439,6.005780013631433
844,1,82.83310760568015,-21.053320025274957,17.521519207808
845,3,4.199361397219737,-10.416623275210753,94.3816852161978
846,2,-5.874122819351238,75.35770502213444,-5.136378808969723
847,2,1.718661005822287,84.99865745427317,-3.5408245280950994
848,1,69.76496561158336,4.062399775458908,22.17678538136283
849,2,-7.0748664823545315,69.83347644330443,8.03232304244545
850,1,97.43050288076043,6.142456699244489,11.060226511750393
851,3,14.837311933293655,13.95851902307076,71.36030732787097
852,2,-0.4154568852328425,82.28855062720439,-4.769963930536651
853,3,1.6516536248664782,1.6462207485031797,72.74633876850511
854,3,1.6290197740605274,9.837210266807993,70.96092607248123
855,2,-13.014476603356961,73.3376655143378,-2.24424798704219
856,3,2.7742786178687777,16.472463508216954,81.1118886542315
857,2,0.3066229395953065,84.44487421658826,-5.186174494499092
858,3,-3.2601223590235113,-9.591208144491807,58.31945593806506
859,1,92.48697977732112,27.845441287426254,8.897911775877086
860,2,1.365737719501533,80.88511670112847,-0.5928544915340443
861,3,5.741667044025687,-3.7535589858871687,89.6019937018526
862,1,130.14780123184022,-16.809655312005138,10.34558610695668
863,2,3.0797728272170986,79.6075577594723,-0.8664660645675808
864,2,-6.188548328700591,79.66012056619091,-2.9825527675796866
865,3,-7.610123549885586,1.1429271668407972,82.78483780704596
866,2,3.4573123775366583,79.390651959079,8.515212794208017
867,2,0.7812037157754225,81.2311533451211,8.874542755009546
868,3,0.5024899179736021,18.31956209632225,75.04281623509698
869,1,43.76093942751323,-17.72650611156439,16.083759363167935
870,3,-3.6398042512118964,0.8068144831620023,80.98568696548215
871,3,-2.691224391880915,-9.814896305578921,94.20878136549686
872,3,3.3242085429227526,-0.47623166549251256,84.19427567863691
873,3,8.235657990982364,8.206863153768676,91.48671416507783
874,2,-2.0593931926888174,80.49230325014722,13.356941183121956
875,1,86.43794130047891,8.903880162166153,-9.520063985635934
876,3,-8.44242164569485,-5.851830368727079,98.11521011737881
877,2,-13.05214270391335,79.59747101685234,-6.437401116964542
878,1,55.799653237423094,-29.91347808030884,13.906999248472173
879,1,90.97621928724817,-37.950893888940335,23.240491858772113
880,1,102.78848399582247,28.112048016159502,37.68683121804509
881,2,0.5849819421764567,78.03609534605681,0.45180421083491434
882,2,-6.96235978259973,81.75807762816417,4.505554501853065
883,3,-11.502764071736188,15.249852141984979,94.03017164308963
884,1,74.36810604401985,12.15342383008683,-26.809902057489126
885,2,-1.0229035563014675,75.3437385786706,-1.1076928866607574
886,1,108.94661131118423,10.985939842081185,19.9607122258194
887,1,74.87687780804187,5.70119161037479,-39.207029011013226
888,1,91.39438663249415,-35.07372512477782,-5.015508534283927
889,1,58.243055715318555,6.105726231274124,24.611552105033894
890,3,10.645749276999661,15.747156356011246,103.2748091637869
891,1,84.17723917356693,3.721866206534961,13.685475561177377
892,3,-7.337692991687,-1.5875734421544563,87.88096524674539
893,3,17.584045191873415,-0.9816766095960151,93.48877767920764
894,1,85.58794832415772,-10.910090871483014,9.555643316341776
895,2,-2.8272646525143745,81.53126869667058,0.6440056867331247
896,3,22.597344152343346,8.231698800070085,98.92546062979262
897,3,-22.709776393208475,-2.851048180819146,68.565059614247
898,2,0.20631224104466592,79.87953397829727,-9.663282241003063
899,3,-6.756869296429176,9.929178209101757,82.73301354752034
900,3,-3.984987376362784,24.673246524324682,79.5380356962635
901,3,3.457440390412801,-9.949479005771815,82.23231200879503
902,1,54.62982388231974,-14.455376484499201,-11.530086236756912
903,2,6.415872546904497,84.25762647290715,-7.921019751358701
904,3,1.9537271316133746,5.269951175704915,74.34122617576924
905,1,109.67080288433787,-22.19473735407317,-55.102314462171705
906,1,70.55781590192436,-57.001565541789496,23.712760293179098
907,3,-14.352925390190308,4.798795708408982,88.65633588475575
908,2,-9.706405944861254,75.43805268468857,-1.7500470683990168
909,1,94.36198957766301,13.516238194494727,54.243195477587
910,3,-7.921648732707487,-6.645086613179022,88.638330855236
911,1,87.20071261710466,4.846477183967309,-49.97079247854096
912,3,19.588324804358386,-0.6063887692176527,71.44108448461076
913,1,65.07503854155759,-1.846782855887314,-4.118449588191477
914,2,-1.4915418869862729,76.37195465351765,0.3641735775988991
915,1,78.00346411015113,5.043943946048039,-8.920658152741925
916,3,-0.7177557928749352,0.22693405488363388,78.17114261227849
917,3,10.622043814699085,-7.669093864668922,82.39571273315254
918,2,-0.4786806828462049,61.43297275064956,-1.1878408492640051
919,3,5.777694074709854,0.06996598836842889,80.24186160022558
920,2,-3.862324179643572,84.5026949291982,1.3397061947808653
921,1,65.0691266820649,-2.688382922739494,-6.387843933408206
922,1,94.28471408859735,-28.78966071572696,19.199367187555733
923,3,-14.693757832182685,-2.3463905493727504,77.66874813344538
924,3,-12.743508046615556,24.488138708678925,75.3227329586327
925,1,48.972793900539045,-12.613907190668534,22.993043848566536
926,1,99.47917532879481,40.21488721478213,12.029516665229316
927,1,81.19673362408417,-0.6252295612210383,7.193322591482194
928,2,-1.7877368614943012,72.78092410122393,-0.888212855601495
929,1,60.48293045397804,3.73324203168374,9.120929309019454
930,1,92.87348182725471,3.270012673085648,-24.585092073371083
931,3,-19.561311001178684,-10.147572567656638,75.42564252206343
932,1,104.21101301447207,31.722350374995962,-11.350558121164696
933,2,-5.429409540289788,72.963685795858,1.2192899527526975
934,2,-6.460552154505201,79.20268570167512,-2.608194696666813
935,1,46.642856557839295,23.368969848951316,-10.852000296547903
936,1,100.09952295373657,25.107993898372474,11.083007922650495
937,3,3.3133614683721655,-1.9937389112551687,69.09777094198
938,3,0.9029219851509591,14.412317016652736,78.09551385601239
939,1,103.90171176012495,-25.25096014582392,-9.22657595906327
940,1,44.22375847328871,27.22848695004569,-33.22402579096432
941,2,-3.2009607767006094,77.53062982896958,-6.0635843022182385
942,3,2.54359796112239,-11.913344097609695,71.6360748353136
943,3,-9.176497832668211,9.180086739287038,64.85444228498388
944,2,5.461556843884441,85.8661236767405,-4.407459776935884
945,2,8.100385904447656,84.31819313283766,-2.984734942952198
946,3,-11.67035860688445,-4.404593449893962,67.9955339655865
947,2,-0.3320599901379107,86.55233677876086,-2.078479141893618
948,3,-4.003164225516812,1.0075184277199676,100.1862104674293
949,1,97.97106190554057,10.088966433326103,30.952673357143524
950,3,-10.69840746848065,-0.6206709038527916,94.09010305123896
951,3,-2.0488289748649122,9.944898313159543,80.62424287224081
952,3,25.068223136989154,-5.609104713539487,57.879112456553074
953,3,9.974971493158586,8.81208688768671,92.50263743813817
954,2,-0.21001654007833104,85.22717892793897,4.614877508543606
955,1,95.22073311332849,13.678988026600752,29.921485222474864
956,2,-0.8669171527719609,73.82544416994713,3.5113525697318764
957,1,92.73329317787173,6.576816921135381,1.154772839134367
958,3,-5.682921196198949,11.262492816176387,69.58475033452513
959,2,-7.14325464701656,84.32120169494146,-1.017604222313351
960,2,-2.003520998504613,78.41199742376807,-2.93761736367384
961,2,-3.930787508067265,85.85540922070756,-5.7075109607776975
962,2,-3.8843118279025886,78.01658965897826,-11.995358907161846
963,1,73.01541605306602,4.086196891977635,-1.2929936575804877
964,3,8.034930048399858,1.7817354713797022,57.368429347370196
965,1,88.86149059741598,11.923336925684385,12.577878254430034
966,1,98.96382776796207,1.3347633955831595,-10.64827569665524
967,1,97.90118427363439,14.327235441073178,-27.080098884317117
968,2,-2.2641516745150208,77.58189708527368,4.644820086780647
969,2,8.07612309637256,78.19423725146595,-1.7588257565232865
970,2,-8.637348588964382,93.6987712586928,4.072195129213049
971,2,-3.8704003758123164,79.26925183517918,1.2652468168498103
972,2,-5.193040297162006,81.66970775804499,-0.023969195460168017
973,2,3.6639183494698813,79.28863276254012,-0.048441003844845426
974,1,75.10010928398985,74.35149021566518,9.368627315150047
975,1,83.601104727619,23.759927313210817,2.625504125603087
976,3,0.012787953497646573,-1.3369386640686205,91.65098068613815
977,1,75.04716788797008,-8.126305038370646,-1.658114383575957
978,1,69.5232588156811,-19.385688155859782,-7.858461682206499
979,3,12.198710571272349,4.429611064484056,80.36247572899929
980,1,55.4605836022445,16.409235141057373,-13.039596002543849
981,2,4.920297174719907,84.14395479317926,0.14296332596171774
982,1,108.11938577520337,-4.069991281944813,-21.6946215431799
983,3,-8.344731863227082,-9.423692698462652,86.7287393966869
984,3,-7.217935808132677,8.827654296521832,72.7054052175428
985,3,-1.2034694461634576,18.848149944350414,85.96883769210982
986,1,70.42947308061487,9.346994882804209,22.215569121053626
987,2,9.967292817944589,71.91549532986846,-1.4570328918333322
988,2,-8.506241333399057,85.0937723905979,-4.614423255400216
989,1,98.43875192795844,-27.46288812149374,7.8290483844094085
990,2,-0.848868103091011,71.2874906958711,2.733095518018407
991,2,-0.521546104912933,68.79096879669953,-3.8067173033618715
992,2,-3.559700069313811,80.03271911293608,-1.4380971076488402
993,2,0.9000990671621225,73.86200754401794,-7.455558240198309
994,2,1.8637008783304467,81.75314997564612,1.4639090058335056
995,2,-8.005331155476174,83.12966668920471,-1.974487856432297
996,3,-11.248893688876116,12.677748978873485,74.78605405341635
997,3,13.306329121216736,3.7299013454273036,63.14647290463181
998,2,-1.6565951597404118,71.28056946762395,-1.0315492957500443
999,1,68.26124618552481,-22.669612298598008,-27.936408578908406
1000,1,71.51988461351226,20.40144509257839,6.565472572144056
1001,1,79.18592491116641,-14.16881751838764,3.3724925428244017
1002,1,85.38953901909838,-23.966775273110667,13.847296873442152
1003,3,-2.4748442057867677,-6.217942245879318,87.54144974038974
1004,3,2.9577627327030194,9.777618176480928,66.61582728451388
1005,2,4.177005782077997,80.75197990119474,5.954306779998621
1006,2,0.8868029780831514,79.34401170340202,0.017568629527702634
1007,1,62.07954319297427,-30.578221430543916,-10.94719126519445
1008,3,2.8224717816283333,11.223513794063383,66.35664327976849
1009,2,4.857001811355511,77.02651514723901,1.9848139511778013
1010,2,3.4851686878903503,80.79161787735606,-4.093672763334936
1011,2,-3.4832484336550014,82.94566078177583,-5.597598701764097
1012,3,-11.721455050725424,-8.940900957550062,82.17980210360274
1013,3,-4.652714390488097,4.355614362044041,82.67641380521616
1014,3,-11.85820998381023,13.45539471571621,71.3928405635003
1015,1,110.86457466799101,27.46360268545093,6.396293574621233
1016,3,-8.471067582570583,17.274915735236934,82.75619439723329
1017,3,-6.590555259069354,11.76151550304146,79.32470414963203
1018,2,-2.969437416553377,83.02907839310198,1.851852473400837
1019,3,-9.344677154255308,-10.37789706712715,79.00264197328111
1020,1,78.43969260635473,7.143061853367138,3.0928981045890556
1021,1,48.334880082422444,42.25807529785249,-3.511648130872258
1022,2,-7.7015455193387385,76.46055238632361,3.8736301584626602
1023,2,-0.46051683149971057,79.11924408848769,0.7836269716266736
1024,1,74.07659568821508,7.780072090108893,-9.290942885422886
1025,1,124.37974552708465,-0.2641030780159771,-2.634884069407337
1026,3,0.7145171890578725,-9.570043298942384,83.7754118284932
1027,1,102.06750294839702,-4.174666949612449,-9.946353148094788
1028,1,94.55685514395519,1.89303075701672,-34.48093718086362
1029,2,-1.8523383493114662,73.4887152148219,-5.514487220501159
1030,3,-7.975897809795388,7.711513950325294,88.25615980726619
1031,2,-3.3345993693910025,79.60785474102634,8.554715985454695
1032,2,2.1729983430975413,81.12496577325912,0.1643090432164112
1033,2,6.055473628067551,84.26421055409102,0.012805563181630474
1034,2,8.871952701550772,80.40397707008965,-9.34112762418127
1035,2,1.0054271423063894,83.09760342094982,-8.597852135537462
1036,2,3.2345955368105246,86.38338248575371,-2.3433407415797496
1037,3,12.793884976568542,-1.6473814235365754,73.32138310820952
1038,2,2.59021456176555,85.37154603218096,-0.6551218720823547
1039,1,100.27586913478996,9.220189630574643,14.210740154280352
1040,1,70.73181060322335,-3.265799932296419,43.443096891854154
1041,1,55.55072447739082,17.77564174446582,-20.953483972974677
1042,1,92.94798638517445,11.596989239359377,11.930125434392627
1043,2,6.525790416871461,81.36541151905364,-7.042034567461273
1044,2,-1.9450123246093134,77.04125659169176,-1.5378593443757316
1045,1,72.23617078572602,11.467941244560574,23.328193730144555
1046,1,80.94089443188437,-17.93877699571237,14.46504503339547
1047,2,-5.778110742548108,76.37041682927618,3.1383770625334617
1048,2,2.2370002492752614,68.65960691054222,-6.32828551742965
1049,3,-0.7759131191587061,-18.96566696017557,93.57745564372952
1050,2,0.6183798647623708,80.33084399872126,0.7861244465308763
1051,2,1.1463739707081624,83.52051543501874,-6.104995086401339
1052,1,68.06339801644815,4.57551884832794,-0.8896723711138335
1053,3,19.251850813844655,13.433059093470984,94.71133908745924
1054,2,2.15411964216391,78.85503489861601,-7.407638023230254
1055,1,51.41567569710557,-12.654003060779877,-26.54577490132641
1056,2,7.6620929554608095,80.70394365233328,2.0811443560347853
1057,1,79.9240551332151,14.52411390717918,-0.32919851472268824
1058,2,-2.7957585224998844,75.67822551162737,-1.253955480506053
1059,2,-5.273591042539751,80.98851797320069,6.446351129394115
1060,1,88.31882300942192,2.256742348340107,-14.793704376468478
1061,1,64.40244665567062,-14.6245721628524,-10.652286488593978
1062,3,2.044400405691519,0.5894696452431493,77.66206349777642
1063,3,-6.615360420207869,14.611590196764261,87.2985184433111
1064,3,-6.051990059322638,1.4261511387809906,78.57374409284023
1065,2,14.262394061462437,73.29862357475906,-1.3061820331441112
1066,1,114.8181033667454,55.298967498204675,-8.173594951834835
1067,1,97.40858355822108,-23.69247639656963,-8.33936479870424
1068,1,92.116167167339,-20.927051868253606,-14.575136795770138
1069,2,1.0037182669174434,79.73299097667656,2.1170108940632133
1070,1,58.8413714199012,-12.52047862107964,-9.462031751368723
1071,1,117.32673678939912,10.564056769433293,20.64676293339562
1072,2,0.7185318544091894,84.49898603475658,-0.490223108044602
1073,2,0.4658066646132785,83.11469162399806,-2.365186765156342
1074,2,-5.311977050244893,77.54851245991222,-0.8896367040184447
1075,3,-5.845579534358193,-23.545565354625012,79.68994324874006
1076,2,1.2069917669292363,83.08868109040395,-6.871130892468452
1077,2,-3.902764518434082,87.6561276269489,-4.763451569423001
1078,1,71.05079835216347,-8.009594778375092,1.6740353311134024
1079,2,6.6368655845812565,83.41770555112828,0.020548142175823778
1080,3,8.108370174580159,-14.145350388675055,68.79374963629411
1081,3,2.756524694644032,-1.0780369898673816,83.75848193929441
1082,2,5.123668465977943,86.72025126670462,-2.630135100281314
1083,2,-3.875792546153751,80.55944361018142,-6.16830093541585
1084,3,-3.0214471627579975,6.9510182125389175,97.03894556623288
1085,2,-4.12376486773614,81.67589294104339,3.44378784731608
1086,3,5.09634757312736,10.632527483906419,72.94016684357192
1087,2,6.9821428168365,83.09049666839164,4.519275239738439
1088,2,-5.530800737529881,74.62025778234808,-5.549516981254071
1089,1,93.30920430313793,-6.144444715290385,19.108516072432792
1090,2,-7.143416308254652,80.49211917240393,1.7449508783947942
1091,3,-9.82827441914102,3.801619499839497,92.1382774997546
1092,3,-6.035169369146557,-22.225068118182026,79.37240779318805
1093,1,108.76111522902086,12.00744425033715,18.1425590693591
1094,3,-8.239513955791846,-31.562163449800444,88.53137281911663
1095,2,-7.012589046134887,80.1214139201384,5.0934303579644595
1096,1,63.95614689099591,12.249145489284224,-12.81964538627373
1097,2,1.1535227404313608,85.79405383882937,-4.085375773227692
1098,3,6.172837959984023,-6.078714305708201,93.36648083911996
1099,3,1.1248426986018263,-7.232870772881346,89.42683798831905
1100,3,18.440429327932154,-26.71630273758471,80.65962329845271
1101,1,107.85766533484224,20.218172826204324,-33.85508574209136
1102,3,-5.679813762458894,-1.6905941339761663,96.27545368996
1103,1,88.72951984502924,15.322121649802655,-47.09682495570301
1104,2,-0.3799129819052968,86.00986928955427,14.584391891798354
1105,1,78.32184322943576,43.35234960151087,17.794488294176663
1106,3,-1.0892160617217814,3.221967967121336,84.83444465225298
1107,3,-9.91678032921839,-13.603848928490693,65.67488430488253
1108,3,-25.342111446420287,-0.17254343849815637,68.3427923287464
1109,2,7.457723753206117,77.14869480556013,-4.380360032991923
1110,3,-7.214456410331374,-16.004664827928526,79.67331934786958
1111,1,83.85104486363507,-17.93620402536756,33.41799581501143
1112,2,2.9504371379025054,74.59877298849514,-6.5991063607154254
1113,1,53.05082274017361,30.216329268589153,-7.312034673227466
1114,3,1.1131815823103457,5.315403451831475,75.50223044109262
1115,2,3.0722047136671193,84.38798728605961,-4.011280016219615
1116,3,-4.724206969002289,25.027913897644133,79.48157086876515
1117,1,78.93790591873984,-21.68367441071071,-4.046159169010274
1118,3,-11.235040133620181,-6.507713352089222,79.36235025061922
1119,2,4.51464017535597,79.88493722987673,-5.185663029746751
1120,3,0.6733923367478668,9.566206198673058,90.17378058348791
1121,2,-4.906615481409842,76.31689694800133,3.6639520685243583
1122,1,81.18971058574547,-1.053825585316279,18.79528382143764
1123,1,74.71379058775844,-13.491811300264057,21.088483645425065
1124,1,80.5391323555455,-21.751186841300118,-24.984684435114662
1125,3,3.800943969885557,4.301134892553079,80.28272772422454
1126,3,-12.935009583973647,-2.6897590673280733,64.96425429965723
1127,2,-1.851391068964939,79.59000152712427,0.8053143773611854
1128,1,83.05409184561978,-8.592537591718637,21.41699334226095
1129,1,67.73824440881421,43.39639227805927,1.0565927560613892
1130,2,-0.3457150493383831,79.70508097961054,3.810852646803417
1131,1,70.98515985788121,30.791500893860633,-14.225750294155112
1132,1,73.25956009354198,-10.94946194175964,-9.244825573384052
1133,1,56.395744581913604,-5.973555329258756,-7.801711416565168
1134,1,75.2387627726529,6.32437329710028,45.95710182924055
1135,3,0.8896218968877958,-2.893981002287014,59.46736897951406